A 0.5021123147203211559228692 0.0090704245731697061405139 0.0859171590350618020125954 0.0030020697230055960684769 0.0000396455905032841702029 -0.0001093600405034519604644 0.0000269455203953971450876
B 0.4102109331183821157198847 0.0020204055340862773262325 0.0004314045308794767777997 0.0001803670103048130558887 0.0000000367084660598089735 0.0000067788126913184468948 0.0000000074306750060360734
C 0.7853736174510993811506004 0.0813963256097552291133332 0.0398088630685397439583481 0.0191103717067747996982441 0.0004069137253771802308764 0.0008385164466916370702017 0.0002812590182414461417170
D 0.5445042856272122452302581 0.0001551052634474261196722 0.0134150911755065331890362 0.0000058884439069335011561 0.0000000016237835048614608 -0.0000000699503024401561597 0.0000000002893999100380952
E 0.5325803822599687854474383 0.0086216861478046755413958 0.0049961292333282200229773 0.0106826150680522092517070 0.0000306586652972778458516 -0.0009018156470872587704586 -0.0000271238631358542802964
F 0.5694206084577818393135940 0.0191408592666676396727639 0.0135242115917438661881956 0.0120722499493072078561825 0.0001454925881104883280814 0.0013961443746310523597295 0.0000785991745495478343275
G 0.6389938141771527676431378 0.0019271402992186886309227 0.0050786146438240845731956 0.0029380173522319519226326 -0.0000109807125410778387993 0.0000464128531563226024183 0.0000113058173118270852235
H 0.4721833351140836738013724 0.0007647842342357514480145 0.0000557113493312780120901 0.0000106357772802389796407 0.0000000002588948179822974 0.0000001922961224095678625 0.0000000001974886510941889
I 0.4640448977509060610689966 0.0526513011581564794481240 0.0024979725219072206351856 0.0001776461290390676017872 0.0000001158486538343968283 0.0000292980895639066350761 -0.0000000576086941187088243
J 0.5518860062512027476544843 0.0666492860545428274032060 0.0002866535106931659155772 0.0000355722331557178675204 -0.0000000012191182913177979 -0.0000054170669771146752252 0.0000000023519026460175751
K 0.4348565238360910943822557 0.0187822650122541118835858 0.0057998706398930869194580 0.0021309526828083439502913 -0.0000074625704997513672967 -0.0002660936757866717791000 0.0000037980644065841394012
L 0.7014397223483263699031834 0.0886188741395454714641980 0.0154000023647146790943657 0.1067282989083946659623946 0.0037442882753644134169152 -0.0261966469033139882457875 0.0042915499423460746317616
M 0.5420625699020669199779641 0.0384904001420056049024068 0.0076799102564499979203146 0.0000316239974846133375179 -0.0000000142004387637167645 -0.0000026562021080498975438 -0.0000000155727419863372327
N 0.5352296283338871466374147 0.0037612645833480877919815 0.0026393158659532235833241 0.0005090375937032338559921 0.0000004741278819878821571 -0.0000173778436665698135239 0.0000001801324658763900500
O 0.5995516525546894360089792 0.0227168792381660540433293 0.0020442797252883045800526 0.0007578128933160418976141 0.0000008745533585735905340 0.0000633775674261547098333 0.0000001208564706288124245
P 0.4641869061647070844362113 0.0198552412104464200054340 0.0066098156807692540516821 0.0019638489530406158925398 0.0000009816763145334496314 0.0000776954991615768619861 0.0000064740975176572867063
Q 0.5299931236964107960068365 0.0413712206551929110876767 0.0028495708989774193388443 0.0062149470378449815820889 0.0000259801017130580487249 0.0012562574101456639022445 -0.0000098738710054782223340
R 0.3903967784768111135300286 0.0092184475121082754998656 0.0002625783769229313462650 0.0002220496127084267271201 0.0000000536161800309455213 -0.0000076992385338745472654 0.0000000248379468584134796
S 0.4683036955347993147199398 0.0392282944276297577070500 0.0014796334442998059954763 0.0005744275072412359954600 0.0000004409085945690937666 0.0000256437722954845781217 0.0000001280429380564523933
T 0.5413107355035821932642305 0.0112493067459518212705680 0.1574823556018013842393950 0.0015990475530888320702307 -0.0000077904143781823560178 -0.0000573321153735142981340 0.0000253732821798164072797
U 0.7163697775339654969309344 0.0115223115681078300229391 0.0201210293655433960141382 0.0164588519570107690741175 0.0002799095101040041885815 -0.0015039997565634231080850 -0.0001893623568105964188768
V 0.5633131739456813894678655 0.0208759296192634327013574 0.0942230065592925883886672 0.0037479346233646165944783 0.0000283473194006909630008 -0.0001385769337802459817506 0.0000634773511382254449554
W 0.4845931266569405355992047 0.0305835382223525986171105 0.0098377266786947680229244 0.0022167445631324074243430 0.0000053052275126110539643 -0.0002234060106730614681426 0.0000101381531564339974580
X 0.5329192407006805375742006 0.0369016962594153743391608 0.0077993001635719504339331 0.0005585135479353616377700 -0.0000002894611754293835376 0.0000386600915366926095775 0.0000006252441870323370641
Y 0.5866215588100266758639877 0.0731982166019744160569810 0.0755221094629586702816413 0.0005027211777177488265457 -0.0000012222971050644669661 0.0000664470580870074239074 0.0000029038848286305764230
Z 0.6328360389828751370500277 0.0397967328388935651618742 0.0272990574230358484332569 0.0044084766928067425069468 0.0000244049560870093678721 0.0003176499085604671997033 -0.0000237817425467872389641
Zero 0.4609381671130074457258877 0.0341686896091275184176098 0.0066831842619459201049679 0.0041711712922977426113595 0.0000203226319585678220604 0.0007308804233291580561870 0.0000031328260861767574315
One 0.6034403314500509029564418 0.1472217901746925252428602 0.0123291934592209097174971 0.0051345454000619330654336 0.0000398351698004006089618 0.0017951120488725311504000 -0.0000400107924916997481146
Two 0.5987911217964681323024101 0.0426587801947830183090600 0.1161367022565401791847129 0.0061686737371307630409469 -0.0000256602717657154582335 0.0011359663416171793806563 -0.0001383106522251299207514
Three 0.6404869006324616671353873 0.0696520608279486792081868 0.0044866153736674373080973 0.0017464877836317226889436 0.0000012364223935321320163 0.0004608539919226906037090 -0.0000036942634831020214779
Four 0.5923128769715889038217915 0.0104242422122385400781605 0.0719536422735807480984883 0.0045038935494785073132958 0.0000668934254523151698533 0.0001632798877344434384982 -0.0000022262931993916423272
Five 0.4956468501427212057909664 0.0718644607797819247083202 0.0002762203424793363052699 0.0011325155083201936358638 0.0000006314390347881246565 0.0002724276512774371144705 -0.0000006301861510740038800
Six 0.5075156128249909060672421 0.0804386105486956246908179 0.0007428860620782008543174 0.0006980533487940073741331 -0.0000001443321014588712130 -0.0001910860493844648070875 -0.0000004648740676359496154
Seven 0.5692910975014043363528517 0.0337559952810344363235940 0.1286198876369104562373191 0.0017103355420026131361533 -0.0000035891247755657119871 -0.0002466346230147052547072 0.0000243182367238100860183
Eight 0.4745420382474882755913410 0.0602975242893656664904380 0.0009725053101434381751865 0.0003019888420433689485098 -0.0000001635834695417646699 0.0000524046776208588753543 0.0000001557216921592360015
Nine 0.4249589846900278746377917 0.0278153760410475065502865 0.0040013029057791905989225 0.0005815353601138958235309 -0.0000000328376423975784395 0.0000544672316514409097400 0.0000008751289183778144721
a 0.4564645997358251436619610 0.0026968612065796846907435 0.0067259543179932700271565 0.0000746745753478294727283 0.0000000112205120271413207 -0.0000033478559845936068511 0.0000000493082455484342068
b 0.5174380615118845459072215 0.0593996483631553253180481 0.0037444148330286980192835 0.0019495235891913345790964 -0.0000027650776673108637759 -0.0002696682309040420176475 -0.0000052672521097215090361
c 0.6118966729013232017054744 0.0519418835158362023852129 0.0195209631215223416772150 0.0022301306358804013257838 -0.0000081043476221435188717 -0.0003612801237294150924859 0.0000121437950746831902996
d 0.5234215390803424178397737 0.0264552437189591504581253 0.0666182942339547679101220 0.0044788352903049931550936 0.0000770909069168186097019 0.0006360360739495802292969 -0.0000366103860906586366913
e 0.4829858158419245364875120 0.0251838796897646938714445 0.0102241351794049930276143 0.0019114304019008794413542 -0.0000083657740473033004108 -0.0003006628179160080894190 -0.0000053737874297601153971
f 0.5934577967505489083871809 0.1119750313248226358665122 0.0005282595867287769175540 0.0004331418113427293811447 -0.0000000890782091214211794 0.0001190716370088259541608 0.0000002071898917067387069
g 0.5178881697007688539573927 0.0282876675132243491314236 0.0022079090945155779285574 0.0013600607647196834518414 0.0000011364893083895714040 -0.0000303424811989047641179 -0.0000020993686434059887783
h 0.5604444373415087341633832 0.0658813618257586772005330 0.0043852133563584684077484 0.0017087376540249448810600 -0.0000046750889668817437430 -0.0004378122387726492326382 -0.0000002868133356645353711
i 1.5652151380308737430935642 1.9676356564271369360957092 0.0166599703246163903098108 0.0060555511720794302683495 0.0000608229346419822908206 -0.0046865794773860872670164 0.0000154974842156666101831
j 1.6368317617210639094201680 1.1878918911216236558138840 0.0318836244760550018292964 0.0089781559384572475017631 -0.0000962778681869603413787 -0.0062368705071051396368636 -0.0000858585720937112644962
k 0.6988629467692026053272925 0.0976884760318746286547999 0.0072537987713694435317578 0.0040512828191900842838827 0.0000108413894274549548168 0.0005978425073737419084575 -0.0000130728995024436534727
l 0.6828638843468858190383607 0.2922686270221531240024338 0.0003253151793227344030622 0.0000972357200977679830762 0.0000000084942207755196337 0.0000473481887385740790037 -0.0000000046886101171041339
m 0.4291012209149215863505759 0.0411730534416484229902301 0.0000510599599567154364624 0.0001507704657567929196935 0.0000000111030138484945414 0.0000289402196504779740041 0.0000000055253748169985674
n 0.4093174978146203129940588 0.0033068053767622483335834 0.0009081322650427828321505 0.0001771533315246292228891 -0.0000000522753460165674452 0.0000085528511968191091512 0.0000000008757393802348342
o 0.4885908563605888577671774 0.0159109832981119561219179 0.0016698131906283818630584 0.0004207214422213706031886 0.0000003225122590356952879 0.0000341957421135641384149 0.0000001662090333283099502
p 0.4281064961640107257331671 0.0181949473531235336734514 0.0000653623850552912724653 0.0005735359447888707637752 0.0000000872124981148830804 0.0000212845552692942746215 -0.0000000053090184041949669
q 0.4394188579823911528507777 0.0225897190513130229125424 0.0029735074772981978869802 0.0002004806673903282843869 -0.0000000589083128718501139 0.0000200206199101761872119 0.0000000850014897986230699
r 0.5056894760644722429799962 0.0403405827679691460147307 0.0050215320372375406518471 0.0054447917928538735841750 0.0000049588486600635328524 0.0000924768114464668980101 0.0000046268095962751544446
s 0.4325025288318088607681256 0.0410680823195018007615894 0.0000832097746546633154871 0.0003012846991452858553373 -0.0000000006821932802273200 -0.0000064263049256199818983 0.0000000041805183230042078
t 0.5547771921426986216309071 0.1761259362783423247606840 0.0051136419242102889002454 0.0035661468914837778923326 0.0000152070762728453150472 0.0014963814385366425532141 -0.0000008014403910449080953
u 0.4102054397498156702124225 0.0028509264950256579866183 0.0002329297540307242258241 0.0004941644020590607047936 -0.0000001325975401837446558 0.0000258794520273246316353 -0.0000000396600742733355849
v 0.4674999968380492086075448 0.0148327096873000692897721 0.0635129784063129794951337 0.0028412957805672519769369 0.0000228953175104133584113 -0.0001171629329607298498107 0.0000299415336666551150158
w 0.4762554474395271747987068 0.0348135341645791095266231 0.0047477350220046466428009 0.0015995077928335106791682 0.0000026612910838224077676 0.0000013539416925707326802 0.0000028638263697959841935
x 0.4579658063401623543540661 0.0389220282500896233205496 0.0059491187955527071000710 0.0001459401967709624408561 0.0000000691093015465983951 -0.0000047539819180176778325 0.0000001315814396770326259
y 0.6189961139622206628876228 0.0825730008688132164541991 0.0378207300692041072090661 0.0048229237224350359872734 0.0000637783476800179412640 0.0013489689131067615611185 -0.0000629564648733579912271
z 0.5019285426689783265056036 0.0249663909514861798135592 0.0104300971158950420080458 0.0022434241027084841046416 -0.0000037600748554234773077 -0.0000559170104884011557433 0.0000026827082842822631227
S-courrier 0.6818210064288243826531935 0.0576656945278977052860079 0.0156774847742735207265646 0.0006157895883969626437194 -0.0000019097401806249944577 -0.0000078006838023176875242 -0.0000018997153805632695520
